7698
876
-1
-1
-1
-1
-1
9019
7276
6369
5349
8819
643
-1
-1
-1
-1
9386
-1
2883
4743
-1
3927
-1
-1
3560
-1
1912
5209
2581
8646
-1
2322
-1
4534
3321
2188
6070
8769
-1
3327
-1
5771
-1
2123
-1
7109
-1
-1
4629
2563
8031
-1
-1
-1
-1
-1
-1
6441
5729
-1
6167
-1
5935
3371
-1
-1
5052
-1
-1
3223
215
-1
1726
-1
-1
-1
-1
-1
3807
-1
2217
1998
8233
1300
-1
-1
1221
-1
-1
5299
-1
2335
1373
7737
1090
5
8254
7807
1573
-1
2198
1124
8089
4812
44
-1
6883
5689
-1
4830
-1
-1
-1
-1
-1
4695
1673
-1
2709
9746
-1
6225
4284
8010
4861
3197
-1
3679
2654
8516
7935
729
704
-1
6974
3042
-1
-1
-1
-1
6563
1199
8149
822
-1
8370
-1
-1
-1
3604
-1
9204
-1
6502
8721
-1
-1
523
2208
5943
1332
2382
934
-1
143
-1
-1
-1
-1
-1
-1
7869
-1
-1
659
-1
5338
4798
-1
4114
-1
299
-1
8250
-1
-1
-1
7760
4359
-1
-1
-1
-1
-1
5217
-1
-1
-1
3715
6090
9948
-1
4271
6259
3307
-1
-1
-1
-1
-1
-1
-1
-1
-1
-1
-1
6292
6129
2942
-1
-1
7738
4761
3351
-1
7099
-1
8675
4121
-1
3280
3464
2306
4717
-1
3954
-1
-1
6142
6621
-1
8321
-1
2182
8213
2465
5678
749
-1
3067
-1
7784
-1
-1
7968
-1
-1
-1
5675
2707
4174
-1
4609
-1
6592
-1
-1
7090
-1
-1
697
4823
8553
-1
8027
3634
4348
-1
-1
5819
-1
-1
5881
-1
-1
-1
-1
3974
6978
9739
9606
-1
3047
5202
231
7217
-1
7597
-1
7551
-1
7280
4439
7341
-1
1647
7752
-1
2773
-1
-1
6
-1
-1
6832
-1
-1
-1
9700
-1
4015
-1
-1
2679
2150
-1
-1
593
-1
-1
-1
-1
-1
520
-1
-1
-1
5286
8941
-1
-1
2037
-1
-1
8080
4257
-1
7137
-1
2004
-1
2349
-1
9456
-1
-1
4422
4250
-1
5322
204
2638
-1
-1
2214
-1
8051
8922
-1
7241
-1
5807
5012
6007
9135
-1
-1
5631
-1
8536
-1
8907
-1
3825
-1
5830
-1
3345
2600
-1
47
7259
3491
2321
3480
6272
-1
-1
5493
-1
-1
-1
6126
-1
7920
-1
223
613
7466
1367
-1
8085
-1
9
1710
6482
3838
-1
-1
-1
-1
2318
4627
4195
914
-1
-1
3367
-1
-1
8135
1148
5249
-1
3772
-1
-1
5773
-1
911
6455
-1
7650
-1
6937
-1
-1
4186
4748
6326
3198
1785
5904
5017
-1
9938
6020
2346
5444
-1
5855
-1
-1
-1
5538
5823
2175
-1
-1
-1
-1
2056
-1
8192
-1
-1
8592
7311
-1
7497
-1
4405
-1
-1
-1
-1
-1
8144
3630
-1
8126
3094
-1
3531
-1
-1
2032
-1
3687
5248
-1
-1
-1
-1
2961
-1
-1
4957
-1
4091
-1
-1
-1
-1
-1
-1
6465
-1
9390
-1
-1
-1
-1
5231
-1
-1
5945
-1
354
-1
-1
-1
-1
-1
-1
5687
8542
4626
-1
-1
3215
1131
-1
4504
7516
8185
1040
-1
7444
908
-1
2409
-1
9864
-1
5152
-1
1826
8097
-1
2087
-1
3302
8279
-1
-1
6712
-1
1701
4099
-1
4524
-1
-1
6687
6405
4401
5261
-1
-1
-1
7202
3983
-1
7768
-1
-1
-1
568
2308
1545
-1
-1
-1
2550
6717
-1
-1
9111
4816
-1
-1
8987
-1
-1
9782
9776
-1
8226
3730
-1
6385
-1
-1
4660
-1
-1
-1
8013
-1
-1
9517
-1
-1
6716
-1
-1
9216
-1
4043
-1
-1
9396
5340
-1
3783
-1
9257
-1
-1
-1
-1
2986
-1
-1
8821
8678
9961
1551
998
6553
-1
619
6704
-1
-1
9488
7371
438
-1
6642
-1
-1
-1
-1
-1
4975
6873
7310
-1
9725
-1
-1
7331
-1
-1
-1
512
-1
-1
6308
-1
4329
9083
7828
8273
-1
186
5787
9669
-1
6430
-1
3425
-1
-1
-1
-1
8344
-1
3780
-1
4054
2831
-1
2411
-1
-1
6214
-1
6440
-1
2336
-1
9830
3129
928
-1
7201
-1
8123
8450
1364
-1
2790
-1
7705
3575
-1
453
9285
489
8341
8585
-1
4160
9202
5581
8390
873
8307
-1
4603
8312
1634
-1
-1
-1
7073
-1
-1
6493
8485
-1
2001
-1
-1
-1
1968
9244
6807
-1
-1
-1
7966
5644
4442
7042
7716
2034
6646
1989
-1
-1
9074
-1
-1
-1
5199
5618
-1
2564
-1
-1
1339
4749
4106
1976
-1
1565
2486
3236
-1
1770
-1
436
-1
8353
-1
8338
-1
-1
2450
515
-1
-1
-1
-1
-1
6421
-1
-1
6447
7720
-1
-1
-1
-1
-1
1168
-1
-1
-1
-1
323
3162
-1
4978
-1
9449
1991
7622
-1
-1
484
-1
-1
-1
6875
950
-1
-1
-1
-1
4551
-1
8431
-1
2677
1165
2398
-1
9507
-1
-1
-1
-1
-1
-1
6979
982
-1
-1
606
-1
-1
5674
-1
7362
-1
3910
-1
-1
3748
-1
5669
3862
4493
4089
-1
-1
8942
7257
7668
8524
5460
-1
-1
-1
-1
1592
4760
-1
-1
9778
-1
-1
-1
4014
8842
7093
-1
1640
-1
-1
9941
-1
9150
-1
-1
-1
3106
-1
-1
9797
2822
-1
6221
-1
-1
1084
7097
-1
-1
-1
9494
-1
-1
690
7284
417
-1
-1
116
4614
-1
-1
9834
-1
-1
7094
-1
6784
-1
-1
6187
504
-1
3517
9954
-1
3528
-1
-1
-1
7866
6752
-1
-1
8754
-1
-1
6018
-1
7830
-1
-1
4773
4212
362
5144
2946
-1
9514
-1
3329
8568
4108
7600
8882
2438
7643
1540
4839
9988
2156
-1
4924
-1
476
-1
642
4431
-1
8985
3635
-1
-1
-1
8190
-1
6798
3897
-1
-1
2157
8872
-1
1529
6190
9344
-1
3648
-1
-1
-1
-1
-1
7315
1484
-1
5488
-1
-1
1130
-1
3112
870
3250
-1
3076
3022
-1
125
5389
5501
-1
2041
-1
4349
2856
1801
4356
-1
2165
-1
5289
-1
-1
-1
-1
-1
9431
6082
4448
-1
-1
-1
-1
6226
2163
-1
4418
759
9313
-1
4123
2754
-1
-1
2122
-1
-1
-1
-1
-1
-1
5984
6830
-1
-1
9673
264
-1
1570
7619
-1
-1
3319
4038
-1
1879
1562
-1
9698
6216
-1
1007
3503
8513
-1
-1
3788
817
6771
8366
-1
5502
-1
562
-1
-1
7868
2737
4886
-1
-1
8912
3261
-1
6662
9496
7478
-1
7933
-1
1538
7853
-1
4928
-1
9316
377
-1
-1
-1
-1
-1
8212
-1
5477
1938
5660
9260
7513
-1
6066
525
2955
2597
-1
6607
1065
7352
2112
-1
-1
9149
-1
-1
-1
2989
-1
-1
1696
9600
7296
-1
2664
-1
4808
2912
5857
-1
-1
793
-1
9301
-1
-1
-1
-1
-1
1017
2532
-1
3409
7928
-1
1651
-1
7811
-1
8575
-1
898
1366
-1
-1
-1
3111
-1
-1
8015
-1
-1
7164
4671
-1
5243
-1
-1
3219
-1
6452
5279
-1
-1
8483
7978
3402
4378
2185
-1
9965
-1
-1
8264
6449
4869
8521
-1
-1
-1
-1
-1
4479
6170
-1
6456
-1
-1
-1
-1
-1
-1
-1
-1
-1
388
5995
4845
1846
9785
2289
3479
-1
-1
-1
-1
-1
2744
-1
-1
1258
831
4596
6329
-1
-1
-1
-1
-1
-1
-1
1112
762
-1
2059
-1
-1
8531
-1
-1
-1
8593
-1
-1
-1
-1
-1
-1
4857
-1
2958
9413
-1
-1
4765
-1
3794
9521
-1
-1
4718
-1
-1
-1
-1
-1
-1
-1
301
-1
5100
1331
8723
-1
-1
7877
-1
6256
-1
6183
7349
3521
-1
-1
3877
32
-1
3362
8684
-1
3400
-1
-1
-1
-1
-1
7712
115
-1
-1
-1
-1
9878
-1
9060
5436
-1
-1
-1
-1
-1
-1
-1
-1
7279
5417
2500
-1
8989
-1
6424
2031
1255
9786
-1
-1
-1
4822
7079
-1
-1
7166
7848
4601
9892
3994
-1
958
-1
1116
-1
-1
-1
5110
7128
7397
-1
7465
710
-1
5637
1643
2403
-1
812
7679
7981
-1
-1
-1
5373
572
-1
-1
1942
-1
4918
-1
179
3850
2836
-1
-1
2863
-1
-1
-1
-1
8459
-1
3368
-1
7861
4731
-1
-1
5167
7354
-1
-1
-1
-1
5530
-1
-1
-1
4322
-1
414
4005
4115
2673
-1
-1
8792
6264
-1
-1
-1
4630
-1
4849
-1
5766
-1
2153
7462
2853
6113
-1
-1
-1
-1
8129
-1
-1
5550
-1
4949
-1
-1
-1
2616
-1
-1
-1
-1
9432
7745
1248
7542
4083
-1
6047
-1
-1
-1
-1
-1
3465
-1
-1
6781
-1
2880
-1
-1
-1
-1
-1
7757
4131
-1
1716
-1
-1
-1
-1
-1
7393
3749
-1
7988
651
4647
8364
7193
3498
6027
-1
5319
7549
5523
9336
-1
-1
310
-1
4183
-1
3550
-1
-1
-1
9278
8188
6795
8835
6033
-1
-1
6468
-1
-1
-1
2657
-1
-1
5026
1563
-1
8613
3482
8507
-1
-1
-1
-1
2966
3789
-1
-1
-1
78
1731
3273
1446
7957
-1
8058
8934
-1
-1
-1
676
-1
2196
8567
3430
1888
-1
-1
-1
3922
7823
-1
-1
-1
3049
2804
9671
-1
-1
9804
-1
-1
-1
4938
-1
8095
-1
-1
-1
-1
-1
-1
-1
-1
6450
-1
2998
7483
1021
-1
-1
-1
3574
6528
-1
-1
350
-1
7624
5895
9259
8398
5301
1876
-1
2035
7197
-1
9554
3991
-1
-1
-1
-1
7432
9912
1458
-1
-1
-1
-1
6594
13
7190
7071
-1
-1
26
-1
-1
4240
1307
1455
6825
3841
5591
-1
2016
3830
9803
-1
-1
5485
-1
6560
7914
6877
-1
7358
5774
-1
-1
9303
1621
-1
543
9560
-1
9024
-1
3692
2640
4328
-1
1169
-1
-1
-1
609
6708
4438
4084
5226
6921
-1
-1
8978
851
6903
-1
-1
-1
1622
-1
6151
-1
-1
7681
8392
-1
-1
-1
-1
516
-1
8028
-1
-1
-1
-1
8410
-1
8609
-1
-1
1111
1089
-1
4229
-1
4393
9854
-1
-1
-1
-1
9017
-1
-1
-1
1295
-1
-1
-1
-1
-1
8654
-1
-1
-1
6658
-1
5952
-1
4324
3131
-1
-1
-1
9422
4094
-1
3313
6839
-1
-1
-1
-1
-1
-1
-1
-1
-1
5535
-1
-1
1687
9434
-1
-1
5531
-1
-1
-1
-1
734
-1
-1
-1
1240
-1
-1
-1
-1
-1
-1
-1
-1
6867
9346
-1
2234
5254
3212
-1
9172
-1
-1
-1
-1
-1
4678
6171
-1
181
5877
-1
4230
7769
9655
4531
-1
-1
-1
-1
3759
8387
-1
-1
8909
-1
-1
-1
-1
3566
878
-1
2126
-1
-1
-1
-1
7153
-1
8865
-1
7678
-1
1048
-1
1628
3413
-1
7891
-1
-1
-1
5143
-1
-1
2525
8443
3141
8426
-1
4999
3973
-1
-1
-1
-1
-1
-1
-1
6663
-1
-1
1053
-1
3044
6044
1519
-1
810
-1
-1
-1
8537
-1
4508
-1
7446
-1
1510
-1
895
-1
6884
617
-1
6143
1935
2487
-1
7739
-1
-1
-1
941
-1
-1
5956
-1
3885
5781
-1
5457
-1
-1
277
7083
7827
-1
1426
7057
-1
-1
-1
-1
2416
9407
9882
-1
-1
-1
8152
1061
-1
2325
930
735
-1
-1
5793
6074
7963
-1
7842
-1
3114
8690
-1
-1
3964
-1
-1
5783
8550
-1
-1
-1
-1
7657
9044
-1
-1
4443
-1
-1
-1
882
-1
3342
5098
-1
7414
4687
1617
-1
-1
5566
-1
-1
1649
1176
-1
7948
7788
9535
5664
-1
9577
-1
-1
9254
-1
7791
4813
-1
-1
-1
-1
8892
-1
-1
4176
-1
-1
-1
8118
-1
8640
-1
-1
9240
2747
4699
-1
8228
-1
-1
3423
7323
3266
-1
-1
5572
-1
-1
273
6227
-1
-1
-1
7253
5517
-1
6638
-1
-1
-1
6473
-1
3545
7491
-1
2421
-1
4331
-1
-1
-1
-1
-1
-1
3767
4881
-1
-1
-1
-1
3000
-1
8337
9376
2738
25
5344
5650
7070
2305
2294
3065
-1
9824
-1
-1
8602
-1
9527
494
-1
-1
-1
-1
-1
-1
6498
9840
7691
569
-1
-1
621
-1
8429
2141
-1
9896
-1
-1
-1
3736
-1
255
-1
4409
-1
-1
9972
-1
-1
-1
-1
-1
8544
-1
-1
6523
-1
18
7949
-1
-1
-1
-1
2003
-1
-1
8105
3705
1978
-1
-1
9996
-1
-1
-1
-1
8178
-1
-1
2533
2960
-1
-1
-1
6412
-1
7119
4793
1873
7480
8786
-1
8199
-1
-1
4001
-1
8418
-1
-1
6140
-1
-1
8360
9963
-1
-1
9174
-1
-1
-1
-1
3005
1140
-1
-1
-1
1037
1759
8059
3399
5763
7731
2283
8391
9168
-1
3881
7918
7368
-1
-1
-1
396
7250
8504
-1
1106
-1
4216
-1
9034
-1
-1
-1
-1
-1
-1
-1
-1
4445
7450
4237
-1
467
-1
8002
-1
6727
-1
-1
8172
-1
2613
-1
6312
6137
-1
-1
8607
-1
3519
9645
1355
-1
-1
9205
8820
8851
-1
-1
-1
-1
8267
1611
-1
-1
-1
-1
-1
3248
-1
-1
3913
4156
7951
-1
-1
-1
5256
4427
4190
-1
1027
-1
4234
8695
43
-1
5739
-1
2295
-1
-1
1831
-1
4521
-1
8864
-1
-1
-1
237
-1
-1
-1
-1
5265
-1
9271
4826
2319
-1
800
6631
9550
-1
-1
-1
9513
-1
-1
-1
-1
-1
-1
-1
7496
1243
-1
-1
-1
5443
-1
-1
655
4155
-1
8889
-1
-1
3610
6413
-1
7192
306
-1
5864
-1
6898
-1
-1
2551
-1
-1
-1
-1
-1
-1
-1
113
-1
-1
3488
4004
7744
8930
8115
4097
-1
-1
-1
3892
-1
8799
-1
3919
9027
8046
2579
3737
7512
3397
-1
2166
7264
-1
5366
2071
-1
4547
-1
-1
6056
6925
3836
-1
-1
7394
640
-1
2672
1410
-1
-1
1175
4709
-1
9615
-1
8263
1597
1196
3308
492
6855
6759
-1
7956
-1
5215
9580
8145
-1
-1
-1
535
79
3937
-1
7880
-1
3822
-1
1775
5188
-1
296
202
-1
-1
7261
853
-1
6431
3508
8286
-1
-1
-1
9209
2505
7567
2915
-1
-1
-1
-1
7023
-1
7307
-1
-1
-1
738
3584
-1
-1
-1
390
-1
9160
7278
2148
-1
3602
8423
4499
-1
910
-1
97
-1
-1
-1
9584
5118
4819
-1
6527
1350
-1
4478
-1
8203
3325
5551
-1
-1
969
7227
4896
9568
2630
-1
-1
9288
4991
-1
6961
-1
6686
4615
-1
-1
-1
-1
9193
7064
-1
-1
2436
-1
2810
-1
-1
-1
7116
6676
4727
-1
4410
-1
5028
1832
-1
-1
-1
-1
5083
-1
9772
6976
2471
-1
8079
1896
-1
-1
-1
-1
5707
-1
6258
-1
9256
3232
6729
-1
6775
-1
-1
-1
-1
-1
1741
9952
-1
9335
-1
4175
-1
-1
-1
-1
6073
5665
-1
-1
-1
1679
-1
-1
-1
8206
-1
-1
4149
-1
6300
-1
-1
2259
-1
8216
8033
4693
8526
6240
-1
-1
-1
-1
-1
-1
-1
-1
-1
6559
5923
2623
-1
-1
2970
-1
8624
9276
3001
8481
-1
-1
-1
7481
6673
-1
-1
-1
-1
4290
-1
1683
8282
-1
-1
3116
-1
4300
-1
-1
6238
-1
2894
7384
9002
6257
487
8871
3081
-1
9637
-1
-1
4461
8771
7112
-1
5430
-1
-1
3475
-1
-1
-1
4243
-1
-1
1586
-1
3643
-1
-1
-1
-1
4507
8795
4960
-1
3615
6507
6490
9284
7161
2211
-1
9267
-1
6491
7850
6062
-1
5845
-1
-1
-1
-1
-1
9447
3216
-1
8860
-1
3061
2277
9612
9760
-1
-1
6305
-1
-1
3975
6789
-1
4247
2395
-1
28
-1
-1
-1
9222
-1
4380
-1
7569
4136
-1
6080
1817
6267
8315
5543
-1
-1
-1
1193
-1
-1
-1
-1
2073
-1
5372
5227
-1
-1
1247
-1
-1
-1
1707
-1
-1
3326
1349
-1
3999
6475
-1
-1
8598
357
-1
-1
8068
1009
-1
-1
-1
-1
1838
3669
1272
2595
-1
6395
4061
-1
3343
-1
989
-1
-1
-1
-1
147
4
-1
-1
1675
1073
7718
-1
5147
-1
1845
-1
2241
-1
-1
3848
8043
-1
-1
3923
-1
9430
3239
6489
-1
8041
6145
-1
-1
-1
-1
-1
-1
6161
6397
-1
-1
-1
6718
-1
-1
-1
-1
-1
-1
-1
-1
-1
-1
-1
-1
429
-1
3655
-1
243
-1
4471
-1
8876
1779
2460
7812
6568
6933
1958
-1
-1
4998
6738
-1
-1
-1
-1
-1
4161
7661
3389
-1
-1
-1
2968
1451
3766
7194
2725
2195
197
-1
-1
1702
-1
4033
-1
-1
-1
-1
9654
-1
-1
6224
-1
-1
8289
4332
773
9103
2939
2334
-1
5586
-1
-1
2026
-1
-1
9515
-1
2081
-1
-1
2330
8733
2893
6296
9157
-1
7942
-1
7372
2164
-1
-1
-1
370
-1
-1
8169
-1
-1
1190
-1
-1
-1
-1
-1
-1
-1
-1
9610
8320
-1
-1
-1
9393
3338
6323
-1
-1
3354
6097
-1
6733
123
-1
2018
4167
-1
-1
-1
-1
-1
-1
-1
8913
-1
5463
7058
5000
-1
-1
-1
-1
-1
-1
-1
1202
-1
9522
1959
-1
1408
-1
-1
-1
9541
7523
8354
4085
-1
5905
-1
-1
4927
5552
4786
-1
-1
-1
-1
1862
-1
6083
9798
-1
575
-1
597
-1
-1
-1
8641
7118
2611
-1
-1
3846
4893
3554
-1
8967
-1
402
-1
2920
714
7344
5603
1261
-1
-1
-1
2092
1088
148
327
-1
-1
9813
5575
7180
1472
-1
2422
-1
-1
-1
6860
-1
-1
-1
8827
-1
1271
2586
4164
-1
5284
-1
-1
6365
-1
-1
3099
-1
-1
-1
-1
-1
-1
-1
-1
-1
-1
114
-1
9711
-1
1280
5596
2428
5565
5247
6381
-1
9752
8342
-1
-1
6824
3486
1207
4850
-1
3638
-1
-1
1672
6936
-1
805
7213
450
-1
-1
-1
-1
-1
-1
-1
-1
3172
-1
-1
7086
-1
8078
-1
-1
2938
-1
-1
-1
4820
5117
3976
9031
7477
-1
1841
-1
-1
9590
-1
-1
5764
-1
-1
3472
1315
-1
-1
1008
566
-1
6690
9164
-1
-1
-1
-1
5044
-1
-1
2361
-1
-1
-1
-1
8107
-1
9559
2752
8217
883
8265
4904
-1
-1
3405
-1
-1
7494
6154
-1
8714
1064
8939
-1
-1
6215
-1
9165
7570
-1
-1
-1
5364
3904
-1
-1
-1
-1
-1
-1
389
5141
7819
9115
-1
9659
-1
2862
-1
-1
-1
3754
-1
5307
627
9828
5350
-1
3673
-1
2713
7938
-1
-1
-1
-1
475
5873
1960
-1
6322
-1
-1
-1
-1
1075
5119
6496
-1
-1
-1
-1
3966
8237
-1
-1
7670
-1
-1
-1
9226
-1
-1
8060
2272
-1
5518
5706
4462
-1
-1
-1
-1
8671
4865
5238
-1
-1
5641
7673
-1
6503
9199
366
-1
-1
7750
251
-1
6820
-1
8997
6975
-1
-1
9998
-1
7389
5732
-1
7909
-1
-1
-1
-1
2332
-1
-1
-1
-1
8908
-1
-1
9537
8862
-1
-1
-1
-1
-1
-1
-1
-1
1
-1
-1
-1
8468
4929
-1
4253
-1
268
8271
-1
3012
-1
-1
4143
-1
358
9438
-1
-1
-1
-1
-1
-1
-1
1692
554
5516
-1
7934
-1
3864
7685
-1
7065
9235
6550
-1
5977
2266
-1
-1
-1
5010
4027
5691
5413
-1
4299
3858
7262
8377
-1
-1
3144
4218
9720
-1
3984
-1
-1
-1
-1
-1
9989
2882
4491
9553
-1
1382
-1
322
5733
-1
8447
-1
3007
9946
262
9810
1215
7794
3330
8117
4485
-1
-1
513
2372
-1
2448
4249
2739
-1
-1
-1
-1
6026
3686
3982
6235
1945
3527
4673
7006
-1
2177
4417
-1
7226
-1
5190
-1
8765
3536
-1
-1
10
-1
-1
341
8742
-1
1718
-1
-1
8488
6575
-1
5183
6478
-1
-1
-1
2619
9252
7265
6595
-1
-1
3150
-1
598
-1
-1
5896
-1
-1
-1
9016
216
-1
8743
8384
-1
2897
-1
1947
-1
4137
-1
-1
-1
-1
-1
-1
6439
-1
3538
-1
-1
-1
-1
-1
8960
798
1904
-1
-1
-1
-1
6117
1218
-1
-1
8693
2445
-1
7501
8637
5926
-1
-1
-1
5917
3906
-1
-1
-1
5075
-1
-1
784
8347
-1
7124
1160
9085
8846
4738
1430
-1
-1
-1
2257
8554
-1
-1
-1
6194
-1
-1
3744
5379
-1
2549
2412
-1
7328
7895
-1
-1
1039
-1
407
1421
-1
-1
9424
8304
-1
5495
2170
984
9953
-1
7578
4605
8595
-1
1724
4267
9781
2342
-1
-1
-1
-1
-1
517
4920
-1
-1
-1
-1
8935
-1
-1
-1
-1
-1
6028
5169
2249
2103
-1
-1
1251
9312
9139
-1
-1
-1
7536
6079
2813
8597
-1
8548
-1
-1
2426
-1
5749
-1
-1
6098
1183
-1
-1
8141
449
1986
8796
3552
9119
-1
-1
3939
1850
-1
-1
-1
9838
-1
1026
-1
-1
4506
8576
-1
-1
-1
4611
325
-1
-1
-1
2602
-1
-1
6367
-1
-1
199
5015
-1
-1
4843
8606
-1
4497
9908
-1
-1
1654
8632
6116
6908
920
-1
6363
-1
-1
0
9281
3290
6996
7028
-1
-1
5800
-1
-1
-1
866
7335
-1
1596
4275
-1
-1
3887
3357
4734
-1
3323
-1
4527
-1
-1
4574
702
-1
9290
7697
-1
1281
6626
3662
5398
614
9370
7703
5822
-1
5511
2383
-1
74
-1
-1
-1
133
5176
1732
3526
-1
-1
3320
7218
-1
-1
1971
-1
-1
-1
9374
592
-1
8091
-1
5709
-1
4075
6612
708
-1
-1
-1
-1
-1
149
-1
-1
3492
-1
-1
-1
-1
1152
-1
6932
7555
-1
3612
6912
5649
2006
-1
4767
-1
-1
7473
5985
1955
7774
1599
-1
4990
-1
1286
2885
1681
-1
-1
-1
-1
-1
1444
4208
5668
-1
-1
6760
4104
3795
1745
-1
-1
7962
-1
-1
-1
3925
332
-1
9594
1758
3694
-1
-1
-1
-1
3806
-1
2374
-1
2014
-1
1796
-1
8317
5712
3995
3763
6558
-1
5225
-1
6128
-1
6971
1002
8030
-1
4873
7452
6614
7893
5142
-1
2058
333
7876
-1
3776
2895
-1
5298
-1
2115
9890
-1
9913
1742
-1
-1
7659
6346
2029
5330
-1
6620
-1
-1
7078
-1
8146
-1
8875
2721
-1
-1
-1
-1
-1
-1
-1
-1
-1
-1
2806
5907
5137
2787
-1
3228
-1
104
3570
-1
2304
-1
5039
442
6685
-1
8973
6290
-1
-1
-1
1338
-1
7524
-1
-1
-1
-1
9767
923
-1
8717
8339
448
2069
-1
-1
9462
-1
2357
-1
-1
-1
-1
7780
2776
-1
2113
2010
9349
-1
-1
7140
9939
-1
-1
-1
-1
-1
6422
-1
9950
7364
-1
-1
-1
-1
1260
3253
3431
-1
880
-1
-1
3837
3130
-1
7001
2935
3224
-1
7459
88
8569
-1
-1
-1
8205
4314
-1
-1
5469
-1
-1
-1
-1
-1
3180
-1
-1
2717
-1
3808
3440
-1
-1
-1
7904
2949
-1
-1
7475
-1
-1
9530
-1
-1
-1
-1
-1
5467
-1
6647
2386
-1
5715
-1
-1
-1
4112
-1
-1
-1
5465
4122
-1
9928
-1
1186
-1
-1
2377
336
4452
-1
3565
-1
1909
-1
-1
5728
-1
3953
-1
-1
8022
9777
-1
8350
844
150
-1
-1
4870
5180
-1
7979
5260
972
-1
-1
-1
-1
6486
-1
-1
7245
4797
1616
5799
7898
-1
3504
-1
9977
518
7142
-1
3238
270
1083
-1
-1
-1
3946
-1
9282
4042
-1
-1
5854
-1
9924
502
-1
-1
-1
7797
7952
-1
-1
2524
-1
-1
-1
-1
-1
-1
-1
6285
-1
9466
9614
-1
-1
3407
-1
9416
-1
6297
9451
-1
-1
1241
-1
-1
5684
-1
6092
-1
-1
5324
8559
-1
-1
-1
-1
7809
-1
-1
1069
8401
6887
7775
-1
1694
-1
5969
5157
-1
1836
7290
8244
8
-1
1108
9087
6472
-1
663
-1
-1
-1
7013
8893
7541
-1
-1
7888
-1
6284
-1
-1
3960
-1
-1
2689
6207
2528
6911
3817
2097
-1
2203
-1
-1
1502
-1
8082
-1
4902
-1
-1
-1
-1
5316
645
-1
7885
5568
-1
-1
-1
-1
-1
-1
7660
8858
-1
-1
-1
980
3618
-1
-1
9427
-1
5393
1141
1728
206
7430
-1
667
846
-1
8687
6411
-1
386
2049
-1
-1
-1
-1
-1
-1
4039
1242
6438
-1
-1
-1
34
-1
4836
7641
-1
-1
-1
-1
9710
-1
9951
6745
-1
-1
5772
-1
-1
-1
-1
3800
-1
-1
5719
3372
-1
-1
840
-1
130
9208
2990
-1
7618
590
-1
3979
-1
2841
-1
-1
-1
-1
9493
5601
6521
-1
3293
4591
91
-1
-1
-1
1400
-1
5856
2956
-1
1468
-1
1335
-1
9347
1448
-1
-1
-1
671
2311
9602
-1
2594
-1
9050
-1
-1
5593
-1
6248
188
4308
1171
5634
7677
-1
-1
-1
-1
7724
8499
-1
4170
6803
-1
9403
5738
5994
8728
-1
-1
1595
-1
6951
-1
6765
-1
629
-1
-1
-1
-1
-1
7429
4538
-1
-1
6622
-1
2324
5795
5472
-1
-1
8050
7931
-1
5266
8220
7959
5062
-1
766
-1
2792
-1
7171
-1
-1
-1
-1
6380
-1
37
-1
-1
-1
3071
-1
9763
9010
961
1703
2065
-1
1996
850
-1
433
-1
9970
5273
-1
1056
-1
-1
-1
-1
2025
6343
-1
-1
-1
-1
8659
-1
-1
-1
2513
-1
5018
8561
2443
-1
6591
-1
4654
7740
-1
1677
-1
-1
9070
717
3729
-1
-1
6852
2499
8336
5515
-1
3257
4193
775
8437
4437
-1
-1
630
7927
7037
-1
4412
3676
-1
-1
-1
7139
6504
4831
-1
7345
9000
4532
-1
-1
-1
9547
1800
3899
2402
-1
-1
-1
-1
-1
-1
7601
-1
-1
906
7338
-1
3523
7456
6611
9015
8018
-1
-1
6934
9130
9770
-1
-1
8055
-1
-1
5611
694
-1
-1
6572
-1
-1
4199
-1
7932
-1
6077
-1
7690
-1
-1
8604
-1
1278
3839
4829
3520
6787
-1
4619
-1
-1
-1
-1
1128
8298
8262
-1
-1
2781
7198
-1
9643
4642
5960
-1
-1
-1
1917
-1
-1
6701
-1
4384
1985
-1
4342
424
-1
41
1142
4913
6918
6682
2842
-1
5613
9249
7741
8999
4840
7471
-1
-1
3294
-1
-1
-1
544
1532
-1
-1
9694
7816
-1
-1
3045
-1
-1
-1
-1
1830
-1
-1
4347
8874
-1
-1
8004
1994
7767
6973
-1
4225
2011
-1
-1
3289
-1
7485
-1
-1
9008
2888
864
-1
-1
3901
7790
3757
-1
3225
4583
2077
-1
5610
2253
-1
-1
-1
-1
7676
6945
-1
6736
271
117
1526
7381
4081
-1
4721
-1
1890
9567
7538
8005
-1
6970
4712
5433
-1
7713
4241
-1
-1
-1
-1
-1
-1
-1
5894
9302
-1
9339
9888
-1
5966
744
-1
5354
1209
-1
4599
1789
-1
6228
-1
-1
-1
6654
-1
5681
-1
-1
-1
-1
9470
-1
-1
-1
-1
6600
2400
-1
-1
-1
5853
-1
-1
1899
4594
-1
765
-1
-1
-1
-1
-1
3746
2829
-1
7
7495
-1
-1
4028
-1
-1
-1
-1
-1
-1
6800
-1
338
-1
-1
9586
3930
2908
3164
2712
-1
-1
-1
2369
-1
-1
-1
7005
3363
-1
-1
-1
2541
-1
-1
213
75
6086
6084
5872
673
7639
4951
-1
1266
6255
256
-1
-1
-1
6340
921
7707
-1
6723
709
8990
-1
-1
5353
-1
-1
-1
5840
843
-1
483
1217
653
1523
-1
4013
5369
-1
5710
355
8619
-1
-1
-1
-1
-1
3442
-1
3337
4758
1930
4404
6371
528
-1
-1
-1
7723
-1
-1
-1
5055
4326
4306
1139
185
1389
-1
8256
6013
-1
-1
4492
3349
-1
4360
-1
-1
-1
-1
-1
-1
-1
1133
5014
-1
3226
-1
2575
4400
-1
219
-1
-1
7588
465
2176
3940
342
8681
-1
-1
-1
-1
4623
1575
-1
-1
2569
-1
4236
-1
3992
-1
3476
-1
-1
-1
6213
-1
-1
-1
180
-1
3732
-1
-1
-1
-1
-1
2244
209
6720
2064
9373
9821
1884
6351
7035
-1
4293
1722
-1
-1
236
2
-1
9651
-1
-1
-1
9063
-1
-1
-1
5914
-1
2605
-1
918
-1
4222
-1
-1
-1
-1
-1
-1
1834
-1
4501
-1
1029
-1
-1
6327
-1
-1
-1
-1
1946
3467
-1
-1
9715
975
7717
-1
8574
-1
-1
7243
-1
-1
-1
-1
7138
-1
2159
-1
-1
5846
-1
3751
-1
-1
9665
1857
-1
5804
9701
7568
-1
9509
-1
4206
-1
4622
-1
2727
2972
700
-1
-1
-1
9188
-1
-1
750
-1
9762
-1
9958
-1
9901
7288
-1
-1
9561
1712
478
3165
1793
-1
4363
-1
-1
8804
-1
4436
-1
9801
1923
-1
3483
-1
-1
5388
5627
5742
-1
4288
-1
1378
-1
6415
-1
5754
-1
4505
4866
9843
7977
340
-1
-1
-1
9663
-1
1419
4682
2109
-1
-1
-1
-1
4046
-1
3722
-1
8428
-1
-1
3366
-1
-1
4772
7967
2571
-1
1859
-1
4846
-1
4017
-1
-1
4335
-1
19
-1
-1
-1
-1
2012
-1
-1
-1
-1
3798
-1
-1
8929
-1
8785
-1
7755
6683
8991
2610
-1
6869
9100
-1
5777
1639
-1
-1
3213
8705
2625
2736
-1
-1
-1
-1
-1
2742
7267
-1
1232
-1
-1
-1
-1
-1
-1
-1
-1
5115
4019
9129
-1
-1
-1
-1
9308
-1
-1
-1
8280
7411
8052
9937
-1
-1
-1
-1
-1
7692
-1
-1
2678
1182
-1
9234
2702
-1
-1
-1
-1
6387
480
-1
3059
-1
1848
8420
-1
-1
8962
4799
6624
4367
7069
-1
1997
-1
-1
6063
-1
7773
2518
-1
-1
-1
-1
-1
5973
3021
-1
-1
633
5474
-1
6822
-1
4958
-1
-1
9106
679
8014
-1
-1
510
9853
-1
8665
-1
5504
-1
6922
-1
-1
6674
-1
-1
1660
2965
6072
951
3745
5775
4016
-1
-1
-1
-1
826
-1
-1
3473
-1
-1
3959
3734
5327
5929
-1
8096
8039
9380
670
8394
9966
3494
7770
1583
9268
-1
-1
-1
8419
5325
8381
-1
-1
1713
1892
-1
-1
4662
-1
-1
9400
2818
-1
-1
-1
-1
-1
-1
-1
8335
9485
9464
5676
-1
3453
-1
-1
-1
-1
7232
-1
6004
-1
4396
-1
-1
-1
2379
-1
7879
-1
3823
1120
2095
-1
5600
-1
981
3586
-1
-1
5940
2192
-1
-1
6709
6195
-1
-1
-1
2248
-1
2209
9919
3935
-1
1013
1769
944
-1
-1
-1
-1
579
2197
7647
-1
140
9575
4312
1564
6219
-1
4624
1117
4921
3790
5287
5561
5843
-1
2964
6935
-1
1867
3039
-1
-1
8643
-1
8269
-1
6537
-1
1886
8849
4102
-1
-1
9245
9733
-1
5486
-1
8992
-1
-1
-1
-1
-1
7605
-1
-1
-1
6740
-1
9253
-1
-1
3117
-1
-1
814
-1
-1
9755
4754
3511
4750
-1
-1
5450
-1
4269
8664
-1
5172
-1
-1
5007
-1
491
6983
-1
656
1121
-1
-1
-1
7806
8511
5887
-1
-1
-1
6667
2642
-1
2590
4500
-1
5109
1226
4020
-1
862
8134
7231
-1
343
7158
7455
6991
-1
-1
-1
4769
9570
-1
2589
-1
-1
7223
-1
1887
3255
1783
3434
560
4457
-1
7801
-1
-1
-1
-1
-1
-1
4753
4606
-1
4002
-1
8655
2644
-1
-1
739
4517
-1
-1
5377
4895
-1
970
7091
9705
6134
1691
2591
-1
764
-1
-1
-1
3301
6347
8666
-1
-1
5556
-1
9388
-1
5965
4214
6191
-1
-1
8045
-1
4762
-1
-1
5124
5734
8949
9345
-1
2290
1962
-1
21
-1
5848
2599
5694
7865
-1
1522
-1
-1
-1
-1
-1
8651
-1
-1
1569
-1
668
-1
3305
-1
-1
5345
2811
-1
-1
314
4333
8825
-1
9887
-1
-1
-1
-1
-1
-1
5484
-1
-1
9304
4700
241
6987
4565
1825
7105
2452
-1
4303
8905
8691
7499
-1
-1
1497
-1
-1
-1
-1
-1
-1
8738
-1
-1
-1
-1
4265
-1
6874
7727
-1
3322
4045
9330
-1
5134
-1
-1
-1
-1
-1
-1
6863
-1
5125
3741
210
4757
5250
-1
6147
227
657
8658
7526
7054
1568
8857
541
5397
1262
-1
298
3829
-1
-1
443
77
-1
8886
-1
4790
-1
-1
4981
-1
-1
2911
-1
7080
3693
3107
811
-1
-1
-1
999
9662
2235
6700
-1
6458
-1
3680
-1
3178
9932
7240
7786
7162
-1
-1
-1
-1
9295
8518
5116
7590
-1
-1
-1
1362
4968
8383
-1
-1
3063
4909
976
7053
5059
-1
-1
-1
4244
8980
-1
-1
-1
339
-1
-1
3019
-1
3014
-1
2536
-1
-1
-1
3350
-1
-1
3533
8155
1250
-1
616
-1
-1
3670
3074
-1
-1
-1
-1
1180
-1
-1
-1
-1
9518
1265
-1
35
-1
7178
-1
70
2263
-1
-1
6959
5737
-1
-1
-1
-1
-1
-1
5725
3826
-1
3606
-1
4593
3101
8963
5937
-1
-1
4787
3691
-1
-1
6260
-1
-1
-1
5955
8976
8416
-1
-1
-1
1311
9587
-1
-1
-1
-1
-1
-1
6277
-1
-1
-1
-1
3898
-1
-1
-1
957
-1
-1
-1
-1
-1
-1
-1
-1
-1
5722
9429
-1
816
-1
8406
-1
-1
7147
-1
-1
-1
2261
7074
-1
2327
-1
-1
-1
959
-1
5837
-1
-1
-1
760
7609
-1
1605
-1
-1
-1
8670
-1
2785
-1
9023
-1
-1
8920
-1
8540
-1
3645
1393
5358
-1
7733
6429
5088
-1
8104
-1
-1
885
-1
-1
8573
8372
-1
2645
2543
-1
5140
6699
2906
129
-1
5842
1030
1425
-1
577
4296
3564
-1
9569
-1
555
-1
-1
-1
9672
8498
-1
-1
721
-1
-1
-1
-1
-1
-1
-1
-1
7176
-1
-1
2932
-1
1361
-1
7200
-1
-1
9538
8236
8148
-1
4068
9697
-1
7170
-1
-1
3134
-1
-1
9714
-1
-1
4838
6040
7814
-1
-1
-1
3463
-1
-1
-1
2692
-1
-1
196
8683
9453
5899
2432
-1
7553
6941
-1
6547
-1
7943
-1
5233
-1
66
7055
3970
-1
8198
-1
-1
591
-1
685
-1
-1
-1
9879
-1
6815
552
4336
1299
4683
4297
-1
8496
3445
-1
-1
-1
7960
-1
4756
7203
-1
5897
-1
6494
4291
6233
521
1948
-1
351
9931
-1
978
-1
9741
3057
-1
-1
7805
-1
5839
6052
-1
-1
-1
-1
-1
9871
9471
4988
-1
7052
-1
-1
-1
-1
-1
893
9795
-1
8784
4072
-1
6906
-1
-1
9562
-1
3356
8702
689
5903
1799
9455
-1
359
-1
4127
9825
-1
-1
7758
4943
-1
-1
1177
4044
-1
-1
2215
308
2769
-1
5939
3254
6434
9307
9305
8660
2765
-1
2755
1685
1041
-1
-1
-1
-1
-1
8222
-1
-1
6335
6692
-1
-1
2928
4421
-1
5505
-1
1018
-1
-1
3161
9523
-1
698
5074
-1
-1
-1
8715
-1
9549
9768
2247
-1
6008
-1
-1
-1
119
2951
-1
-1
-1
9556
-1
2320
-1
9688
-1
-1
3727
6540
-1
-1
-1
8404
-1
4570
5160
-1
-1
-1
-1
-1
6492
-1
4785
7926
-1
615
7510
5863
9401
1109
-1
1185
-1
2741
-1
9829
-1
-1
8772
5363
4503
-1
-1
-1
-1
-1
-1
-1
1269
182
-1
-1
-1
2468
-1
1445
-1
5714
-1
-1
860
5579
-1
3884
5335
-1
-1
-1
-1
2051
4658
-1
8093
-1
6666
7649
-1
-1
71
6243
-1
5617
-1
9047
-1
-1
-1
4805
-1
-1
-1
6199
-1
5073
-1
-1
-1
9841
-1
-1
6325
-1
9053
1404
-1
8925
9696
-1
8008
-1
5949
2427
3516
-1
1222
-1
-1
-1
6432
-1
-1
5483
-1
506
4242
7209
1543
1604
1363
-1
-1
-1
-1
-1
-1
-1
5657
-1
-1
1201
8297
-1
1815
8697
3701
9967
4276
6382
6497
1038
6230
-1
3684
3562
4659
7559
1749
5609
-1
-1
-1
-1
-1
7834
2778
2936
5077
7505
5019
6796
-1
3075
9441
-1
-1
4802
3865
3251
-1
3647
6210
-1
-1
263
-1
2879
-1
5244
-1
-1
-1
-1
8685
2469
7211
5310
-1
7621
1903
-1
9533
-1
9729
-1
-1
-1
-1
7348
-1
-1
1161
902
-1
-1
2251
163
4770
-1
6281
2454
-1
-1
-1
9975
-1
-1
-1
7309
-1
8781
8657
9894
-1
-1
-1
-1
-1
-1
1975
-1
4862
-1
-1
-1
-1
431
-1
1344
-1
-1
-1
3448
6471
-1
3589
4387
6252
-1
4379
7586
2447
-1
-1
-1
8877
5629
-1
-1
187
6160
-1
-1
7029
7546
-1
5748
3331
8102
5765
-1
-1
1973
3792
7519
5150
-1
-1
9792
1273
1019
7919
1547
7157
2467
-1
3968
2219
-1
8131
-1
1162
-1
6393
-1
9981
-1
2926
4105
1874
9690
-1
9248
-1
-1
-1
-1
6774
-1
-1
-1
-1
3077
4148
-1
-1
1050
-1
-1
933
2628
9293
303
1704
420
-1
-1
6409
1105
-1
9018
-1
-1
-1
5746
5135
-1
6433
7728
-1
1478
1432
2470
7123
1205
4021
-1
-1
-1
-1
-1
-1
2698
1776
4880
-1
8235
2501
649
3073
2275
-1
-1
6904
8981
7451
-1
3623
2348
-1
5359
-1
-1
-1
-1
-1
2555
-1
-1
-1
6946
8040
7721
-1
-1
9177
3711
-1
-1
8706
-1
-1
-1
5544
4827
5514
6245
-1
-1
2722
8397
4251
-1
1618
1842
7066
-1
-1
1302
4065
-1
-1
4223
-1
3314
1384
-1
-1
-1
-1
6943
-1
-1
-1
-1
-1
3702
9552
-1
184
5229
-1
3419
4723
9207
-1
3154
4386
2281
-1
5677
9889
-1
-1
-1
-1
-1
9274
6273
3540
-1
1619
-1
-1
9832
-1
-1
6746
-1
-1
-1
6702
5744
-1
305
-1
6197
-1
-1
-1
1901
-1
-1
5827
-1
3990
-1
-1
-1
-1
-1
672
-1
-1
-1
-1
-1
5123
-1
4163
7484
7282
-1
4352
214
-1
2210
-1
-1
1755
5177
5942
-1
7587
3860
-1
3195
4649
3046
-1
-1
3661
-1
2653
427
1988
-1
3008
9082
-1
-1
8375
1091
-1
-1
-1
5155
4956
-1
9329
2835
5589
7592
-1
8767
-1
-1
-1
-1
-1
3820
9325
-1
-1
8486
-1
-1
-1
-1
-1
134
-1
-1
-1
-1
4919
-1
-1
9940
-1
2931
5930
-1
2621
-1
-1
-1
394
3246
4925
4351
-1
2492
5023
3639
9006
-1
367
-1
-1
3768
8986
-1
-1
-1
6552
9524
3569
6135
-1
8635
871
-1
-1
-1
2828
4268
3577
3355
-1
611
4959
-1
8517
-1
-1
6001
-1
5645
736
-1
-1
5040
1601
-1
-1
-1
-1
304
-1
-1
-1
6193
3819
6172
5782
-1
2688
463
-1
2701
4513
2892
-1
7906
9539
-1
-1
6342
-1
6410
4130
3873
-1
8896
9982
-1
-1
3605
4494
4317
4135
-1
4973
-1
-1
-1
-1
-1
-1
-1
1309
-1
2521
-1
9875
9788
-1
8810
-1
6635
5553
5422
4782
-1
4283
932
6864
8800
1727
-1
-1
-1
1835
8487
7525
7386
-1
6017
584
-1
-1
-1
-1
6721
-1
-1
6511
3678
5583
7917
-1
-1
-1
2872
8053
9608
-1
-1
1285
-1
4562
796
-1
5435
-1
-1
-1
4082
-1
5008
4456
7318
3603
3704
5218
2719
8590
7149
6133
-1
-1
3900
-1
-1
1720
-1
747
3097
2780
-1
3403
956
-1
-1
-1
4945
3916
-1
2462
1659
-1
-1
-1
8711
-1
7955
-1
-1
5154
-1
3996
2948
2093
-1
5270
2552
1925
-1
8112
3189
9183
-1
8911
7303
6823
1828
-1
-1
-1
-1
8724
-1
8778
3777
-1
-1
-1
-1
7110
-1
276
-1
4548
-1
6423
-1
-1
-1
9333
9040
5547
-1
-1
-1
-1
-1
1928
4110
-1
-1
9242
2007
7040
4280
6078
7448
-1
-1
-1
7447
9273
-1
5625
-1
2406
-1
7107
6370
5351
8756
5276
4703
7776
-1
2260
-1
-1
-1
9487
-1
4372
-1
-1
-1
2967
4632
36
-1
7228
-1
3166
-1
-1
4783
-1
-1
4254
-1
-1
-1
-1
-1
-1
2300
7813
-1
4824
-1
3151
5957
2993
2131
5718
9215
2229
1024
-1
6788
-1
-1
-1
-1
8239
1698
9421
-1
-1
-1
3092
-1
-1
3710
-1
1236
-1
-1
-1
-1
2328
2378
-1
-1
1114
-1
-1
-1
3740
-1
1664
795
9980
664
-1
6141
-1
9555
3037
5606
2859
6861
-1
-1
-1
-1
-1
-1
4818
-1
-1
-1
2910
-1
9595
852
9588
-1
-1
2567
-1
6192
-1
-1
-1
8201
-1
-1
2593
-1
120
-1
2045
5267
-1
-1
-1
8184
-1
4733
7936
-1
-1
-1
774
94
-1
-1
6250
9856
-1
-1
-1
-1
-1
-1
5230
7133
-1
8644
-1
1721
-1
6404
6645
9571
4327
1104
6311
1413
-1
-1
-1
-1
8072
-1
-1
-1
3296
-1
5953
8299
-1
-1
6119
-1
-1
7610
4209
-1
7437
-1
9991
-1
1004
2514
-1
-1
1714
9604
-1
-1
7439
-1
3712
1424
-1
6948
-1
9506
3009
2254
7556
6049
2802
834
-1
-1
-1
3135
9499
7131
2690
-1
-1
-1
9055
4334
797
-1
1594
-1
-1
4434
-1
-1
536
5510
-1
-1
-1
-1
2843
-1
-1
7417
-1
9886
4481
6474
1230
1797
9176
-1
5281
-1
9598
-1
-1
-1
1440
6476
4512
-1
-1
-1
-1
780
172
-1
3851
3087
1751
8154
-1
7824
-1
9789
-1
-1
2746
-1
7431
-1
-1
9151
-1
-1
-1
6444
-1
4076
5540
7953
-1
9897
7913
7306
-1
460
7406
9668
1738
-1
3870
790
-1
-1
-1
-1
507
8645
3396
-1
4633
4147
-1
-1
6816
6091
-1
-1
5423
-1
-1
-1
-1
136
3193
-1
-1
-1
-1
-1
9067
1342
-1
903
7163
4706
-1
8253
6754
4141
5326
-1
-1
-1
3010
-1
2111
7662
6480
5919
-1
-1
3762
1920
4087
-1
-1
524
-1
8071
-1
-1
-1
968
-1
-1
6549
4420
-1
-1
-1
-1
-1
3699
-1
5562
-1
-1
3066
-1
3477
1219
-1
-1
-1
3418
-1
-1
8970
4942
2959
-1
-1
-1
-1
1369
6389
-1
4589
-1
-1
5615
-1
7087
1939
-1
-1
5136
5094
-1
48
6636
-1
-1
7159
519
-1
-1
411
-1
2228
-1
3088
-1
-1
9681
5594
499
-1
-1
-1
-1
-1
-1
3985
2695
4946
-1
5085
5046
9133
5448
-1
2793
1534
-1
-1
9872
-1
5193
-1
-1
5203
9099
7056
5139
279
8501
9309
-1
-1
-1
-1
-1
5647
7129
-1
2054
-1
-1
2218
-1
8914
-1
6093
-1
-1
-1
3827
8722
1474
-1
879
-1
2373
-1
4602
-1
9294
8275
8056
-1
6797
-1
-1
7729
-1
-1
-1
9565
9144
9826
5670
1697
4955
6130
9904
6923
2189
-1
166
6894
2415
8808
-1
-1
-1
-1
-1
7765
-1
-1
-1
5574
1915
-1
-1
8555
2309
6629
-1
2307
-1
6756
8528
5699
-1
3633
-1
5126
9004
-1
2108
-1
-1
-1
5174
-1
-1
6059
-1
5925
4672
-1
-1
-1
-1
7886
603
-1
-1
4435
-1
6545
-1
8074
-1
7742
-1
-1
-1
-1
4003
2570
2312
-1
-1
-1
8879
-1
8883
5446
-1
-1
-1
4972
-1
6198
3588
-1
-1
740
-1
5416
-1
-1
-1
7789
5704
-1
146
-1
-1
-1
-1
4074
-1
2622
-1
1644
-1
3139
9836
5341
9986
-1
635
-1
5626
8476
2237
-1
-1
-1
6865
8374
5884
605
-1
1149
-1
4201
-1
-1
-1
-1
4498
5820
5933
-1
3361
7043
849
-1
-1
-1
3233
-1
-1
-1
4894
-1
-1
-1
8608
-1
-1
9162
161
-1
4720
3502
2925
-1
1044
-1
-1
3218
2857
2537
-1
-1
8689
-1
-1
-1
8506
-1
1650
3997
9730
9134
-1
6844
-1
9378
-1
-1
7283
9806
-1
-1
-1
1253
7923
-1
-1
3739
3200
1206
-1
-1
3779
9660
-1
-1
7003
-1
7702
-1
-1
-1
-1
-1
-1
8971
-1
-1
-1
-1
-1
9630
-1
-1
-1
-1
5378
-1
-1
9933
5131
-1
4302
-1
-1
7383
-1
9848
8813
-1
6610
-1
-1
9310
-1
-1
-1
-1
-1
-1
-1
-1
6279
5418
-1
-1
1081
-1
5429
3671
9440
1705
6804
7145
4616
772
-1
-1
-1
5752
-1
-1
-1
-1
6350
-1
-1
-1
5563
1987
595
-1
1113
-1
-1
-1
2614
3455
3493
-1
4809
9964
9474
-1
-1
-1
-1
1323
-1
-1
9354
5810
-1
-1
317
-1
-1
2288
-1
1911
-1
-1
-1
-1
6003
-1
1764
4669
8611
771
-1
-1
-1
9621
3432
1552
-1
4736
8547
-1
8734
8379
9473
9995
686
6034
-1
5701
6499
5386
-1
1662
-1
-1
-1
-1
-1
-1
-1
6446
-1
156
-1
-1
-1
1127
-1
-1
-1
-1
6753
8614
-1
3462
8166
-1
8841
7067
-1
8049
-1
9808
7762
9814
3816
3965
-1
9479
641
993
4735
1506
-1
-1
9367
-1
493
-1
-1
-1
8293
-1
-1
-1
-1
2280
2172
-1
-1
-1
1150
8621
-1
-1
8292
5532
-1
1060
-1
4553
-1
-1
1229
4465
9323
-1
-1
-1
3854
9137
-1
-1
9847
-1
-1
-1
393
-1
-1
6719
-1
7644
5802
-1
152
6152
8432
-1
8170
-1
-1
-1
-1
5867
2944
7252
6435
-1
-1
3810
-1
-1
2962
-1
-1
-1
-1
8557
-1
5002
-1
-1
-1
6627
-1
3591
-1
973
-1
4350
6149
-1
1657
-1
8440
8965
6067
-1
-1
-1
677
5554
4311
1766
-1
-1
1494
7146
-1
4361
-1
-1
9417
-1
-1
-1
1197
5967
-1
-1
-1
-1
-1
-1
3803
5874
-1
874
5304
-1
1807
-1
-1
3950
-1
-1
-1
9722
-1
514
128
-1
-1
-1
701
7950
-1
-1
8396
5311
-1
2761
1477
-1
6330
4586
7666
-1
-1
-1
3567
-1
-1
8225
451
-1
-1
3191
-1
-1
-1
3339
285
2279
4947
-1
-1
-1
8194
6588
-1
5399
-1
-1
1492
9682
5557
-1
3269
3377
60
-1
4158
4008
-1
-1
-1
7884
-1
-1
-1
-1
-1
6526
1172
-1
-1
6817
8276
3284
3938
4834
-1
-1
4210
9727
-1
2152
-1
-1
6850
-1
3244
-1
6546
7148
-1
6914
9551
3852
-1
-1
-1
-1
-1
4064
-1
9852
1806
-1
1580
6986
-1
-1
948
-1
2068
3856
-1
1079
-1
-1
-1
2995
-1
3951
7191
7453
-1
2808
-1
9492
4863
-1
-1
6597
80
5947
5811
5425
-1
5315
-1
7248
-1
-1
5198
-1
9624
-1
-1
-1
-1
4779
-1
7121
-1
-1
6905
259
6805
3217
-1
-1
-1
-1
-1
2740
-1
6693
-1
-1
9098
-1
2789
4847
2021
410
2271
-1
6271
-1
9213
-1
4791
3466
-1
5168
-1
8730
-1
9068
9495
-1
-1
-1
3370
-1
7390
3203
-1
-1
-1
-1
-1
2760
1567
7892
4526
7300
-1
6009
5409
-1
-1
-1
-1
-1
-1
-1
-1
3408
4261
-1
3429
-1
-1
6460
-1
-1
9161
4810
3103
-1
5277
-1
1245
-1
3018
5089
9791
3262
4745
889
-1
-1
4514
-1
-1
-1
-1
7537
-1
1288
-1
-1
-1
-1
-1
-1
-1
3733
-1
-1
4362
-1
-1
-1
7081
-1
3559
-1
8139
474
159
-1
9180
7849
-1
3340
5038
-1
509
1627
9809
1119
-1
7032
-1
-1
-1
-1
-1
-1
8627
8541
-1
-1
-1
9508
-1
7206
1827
-1
1808
-1
-1
-1
-1
5889
7150
-1
4525
6206
7092
-1
281
547
2297
-1
-1
6399
-1
2538
-1
4711
-1
7829
-1
-1
4966
-1
1043
820
-1
-1
-1
6661
4011
-1
-1
-1
-1
7761
2000
-1
-1
-1
-1
2096
6262
-1
3611
-1
-1
249
8775
-1
1602
9860
-1
3436
2681
234
6696
-1
2930
406
132
3034
7654
-1
-1
-1
-1
1872
-1
2050
1865
4967
-1
-1
8745
9831
-1
-1
891
3028
-1
-1
-1
2262
-1
-1
6222
-1
1667
8961
6602
-1
8543
5875
7625
983
-1
-1
5195
3384
-1
4321
-1
-1
5120
-1
5597
4539
-1
-1
8535
6165
602
4179
3723
-1
-1
-1
-1
4428
5915
-1
7365
1020
-1
-1
9338
1840
2992
-1
-1
7987
-1
8094
-1
-1
8615
1239
5294
-1
7214
-1
2317
4466
-1
-1
-1
4954
3375
-1
-1
-1
318
4559
-1
-1
-1
-1
5666
-1
-1
-1
3505
-1
-1
-1
-1
6068
-1
-1
3235
4897
-1
-1
-1
5494
9726
-1
7746
-1
8114
-1
3720
-1
-1
3908
-1
-1
-1
-1
8323
6109
565
3563
-1
6664
-1
1554
-1
5072
8953
8243
-1
-1
7373
5348
-1
2269
3771
1798
-1
3616
-1
-1
4278
-1
7216
4737
-1
9823
6414
628
-1
-1
8319
73
1509
7313
-1
-1
4124
1883
6231
6590
-1
-1
9418
3778
-1
3133
7275
5524
-1
416
452
7583
-1
1674
-1
2827
-1
3537
6453
-1
-1
-1
-1
-1
-1
3286
1436
-1
1416
-1
1394
5175
16
9922
3443
-1
-1
1391
-1
4142
-1
3090
-1
3700
-1
2749
145
832
-1
-1
5054
4488
-1
-1
6772
6766
-1
7855
9232
441
-1
-1
8092
-1
5106
-1
-1
-1
435
783
-1
-1
8779
-1
5095
9640
-1
-1
5991
-1
-1
3115
4655
8385
-1
7185
6609
-1
3961
9356
274
-1
4884
8834
8918
8993
-1
8789
-1
-1
-1
5003
7308
-1
-1
1653
-1
-1
-1
4100
-1
1333
8333
-1
600
5053
4906
-1
3915
6888
-1
4784
-1
-1
-1
2873
4416
618
376
-1
-1
-1
-1
7008
8329
-1
9152
5560
6640
-1
-1
3118
-1
-1
4741
7034
-1
-1
-1
5520
-1
5885
-1
5084
2979
-1
-1
9366
-1
4726
3752
2225
1431
3579
2583
9090
-1
-1
7881
8500
-1
1671
9360
3146
-1
-1
1457
-1
2339
1723
4577
-1
-1
-1
-1
-1
8579
-1
375
-1
1682
-1
-1
6962
-1
1135
-1
7606
-1
-1
3315
7905
7653
9387
7024
-1
8113
4446
7330
6725
-1
-1
-1
4892
-1
-1
-1
-1
-1
8956
-1
-1
5545
5211
-1
3986
-1
5130
-1
3500
7614
-1
-1
430
7509
-1
7585
7984
8070
-1
7167
1434
4281
-1
5268
4238
-1
-1
9874
275
6401
8099
-1
-1
-1
-1
2314
5570
-1
3450
-1
5086
485
-1
5420
996
-1
7990
-1
-1
8240
9467
-1
8127
8522
8229
-1
-1
1134
-1
2023
2815
-1
-1
-1
1536
-1
9080
7529
2716
3386
5760
7656
7564
1297
-1
-1
-1
4635
1786
9666
-1
-1
6737
-1
-1
5022
5462
-1
-1
-1
8177
-1
-1
9800
7840
8649
-1
-1
-1
-1
2401
-1
3632
-1
230
-1
6139
-1
-1
3243
-1
-1
6122
-1
3933
7196
-1
4205
7617
7222
707
3348
4941
1397
-1
-1
3287
-1
-1
101
-1
6997
6942
-1
2420
7890
1381
-1
-1
-1
8230
-1
-1
-1
349
1645
-1
2647
4900
-1
-1
8409
3152
-1
2264
5258
-1
823
5913
-1
-1
1902
328
-1
-1
3666
2100
-1
6462
-1
3374
-1
7270
-1
-1
-1
-1
1771
4922
1613
-1
-1
-1
-1
3948
-1
6930
1878
-1
9206
-1
3909
-1
-1
4188
-1
-1
8682
-1
7975
-1
-1
-1
-1
-1
-1
1189
-1
-1
8552
-1
7387
-1
3735
-1
-1
4751
-1
7187
-1
4138
-1
7565
-1
1336
-1
-1
-1
-1
-1
2620
990
-1
-1
-1
-1
-1
-1
-1
-1
-1
-1
-1
3347
6334
4000
5880
7304
-1
-1
1198
6988
-1
6055
-1
5113
4060
9881
-1
1000
1067
-1
-1
4842
-1
8647
5030
-1
-1
-1
-1
-1
6339
4355
-1
9196
-1
1632
-1
-1
6274
4684
2676
5559
-1
5963
-1
-1
7340
7404
-1
-1
6843
8926
-1
6731
9861
4319
-1
-1
6541
-1
6076
-1
7875
-1
9661
3980
-1
-1
-1
-1
9900
9704
3847
-1
3571
1077
503
-1
1051
-1
3719
3050
-1
-1
7242
4052
561
5882
6678
-1
8870
-1
5834
5056
6739
-1
821
-1
250
-1
9190
5161
-1
2479
7179
5890
9578
3017
-1
6802
-1
1626
-1
360
-1
2991
-1
-1
-1
3274
-1
7135
-1
3534
2820
-1
4373
-1
-1
-1
9318
-1
-1
-1
5070
-1
-1
-1
7320
6554
-1
-1
6289
6442
8067
-1
6598
-1
-1
3187
-1
-1
6459
-1
-1
-1
-1
7852
-1
-1
1062
665
-1
994
-1
-1
2816
-1
-1
6901
-1
-1
-1
385
1125
6582
-1
-1
-1
5838
-1
-1
211
-1
-1
6584
-1
-1
-1
5112
-1
5653
-1
-1
6307
-1
-1
-1
-1
5470
498
-1
2424
-1
-1
-1
-1
-1
-1
3029
6555
8818
5128
155
1428
8204
7427
5534
3714
-1
-1
331
-1
4339
3863
6391
-1
1661
-1
4263
8283
5761
-1
-1
-1
5529
-1
-1
1016
-1
-1
2167
-1
8087
9076
4272
842
-1
6999
-1
-1
-1
-1
-1
9394
9408
-1
-1
5381
9676
-1
-1
-1
9156
-1
7664
3003
-1
-1
-1
2557
-1
-1
2136
-1
5264
1933
-1
8400
706
-1
-1
-1
-1
2028
6065
-1
-1
8492
-1
888
-1
6616
-1
8937
2193
6841
-1
-1
5201
-1
-1
-1
2183
-1
9687
-1
6379
-1
-1
-1
3646
283
2371
2834
6697
-1
-1
-1
6358
307
-1
1213
-1
-1
-1
-1
8694
-1
1293
9536
4764
-1
-1
1921
1327
-1
807
2801
1670
-1
5245
6178
-1
-1
-1
2255
-1
-1
-1
802
258
-1
-1
9057
545
-1
-1
-1
4575
-1
4944
-1
6916
-1
-1
-1
-1
2922
-1
8887
5041
-1
-1
-1
3100
-1
-1
-1
5928
2461
3420
2891
-1
9719
1379
-1
-1
-1
-1
-1
-1
-1
1822
3324
9221
-1
7628
2449
7554
4874
5513
8709
1259
4031
5624
2565
3629
-1
-1
1866
-1
1566
-1
8340
-1
8009
-1
7402
1546
-1
-1
-1
1080
-1
-1
7260
-1
3989
6420
7350
917
2969
-1
5578
7946
6394
5648
7915
248
-1
-1
9884
-1
6388
-1
7894
-1
4543
9171
-1
6163
-1
9371
-1
-1
2617
-1
-1
9062
-1
-1
-1
-1
9066
-1
7964
-1
2714
8425
-1
-1
3621
8133
-1
6204
3685
-1
-1
-1
-1
-1
9358
1963
222
5442
6384
6977
1512
2957
-1
-1
1576
1548
8207
2945
-1
-1
-1
2191
6695
-1
7421
-1
8456
-1
-1
-1
-1
9328
-1
-1
-1
5759
5257
3024
-1
9699
4391
-1
-1
6309
4704
-1
8316
4656
6567
-1
9708
-1
5587
3663
2646
7696
-1
715
4184
-1
9170
-1
4200
-1
-1
8330
-1
-1
8995
-1
-1
8119
-1
-1
4069
6201
1520
2890
-1
7845
705
-1
-1
83
-1
5166
3926
1908
-1
397
666
7088
-1
1146
-1
6287
7210
3774
-1
7540
5431
-1
-1
7901
6407
5698
6333
3617
5817
1233
588
8674
731
-1
-1
4888
9472
-1
1129
-1
-1
6374
4101
-1
-1
-1
4096
5342
8189
-1
3259
9286
8029
9433
8814
9512
8438
2230
4645
-1
-1
5585
-1
4833
3145
5526
-1
5918
8424
4036
7407
-1
-1
3551
5208
7000
7730
-1
1610
1761
-1
-1
-1
-1
3582
3
9287
8679
-1
4971
-1
-1
62
-1
-1
7970
-1
-1
4768
-1
-1
-1
8143
-1
9870
3649
9585
9987
4915
2008
-1
-1
7561
8403
-1
-1
-1
7168
9631
6886
-1
5906
-1
-1
-1
-1
-1
2861
-1
5320
-1
9869
5365
-1
9026
3914
691
-1
-1
9866
-1
-1
7375
-1
1123
-1
5302
4203
-1
-1
6032
-1
-1
2151
482
-1
-1
173
2091
2437
-1
8626
-1
7426
-1
-1
4277
-1
-1
-1
4564
4940
-1
-1
6534
-1
-1
8915
1736
2434
-1
-1
-1
-1
-1
-1
8246
2478
3682
-1
2316
-1
7077
-1
3380
4389
-1
-1
-1
2743
3625
9185
-1
-1
-1
-1
9409
-1
7220
-1
8817
8195
8021
1491
-1
-1
496
8407
-1
2414
-1
841
-1
-1
5878
7779
6280
-1
-1
-1
-1
7782
-1
-1
1992
-1
2889
-1
-1
-1
2896
-1
-1
5908
-1
6625
-1
537
-1
-1
5037
-1
-1
-1
-1
8361
-1
-1
2145
4365
7351
-1
3388
9925
-1
6058
-1
-1
3025
6958
-1
-1
5475
4325
-1
-1
-1
-1
288
693
4663
9009
-1
240
2119
9324
1549
7826
7783
-1
-1
9322
4936
8130
6024
-1
-1
8324
-1
-1
-1
3883
6115
462
1489
-1
2079
3742
-1
-1
-1
1310
5051
-1
-1
-1
8589
-1
-1
-1
5347
7584
-1
-1
-1
-1
8414
-1
9501
-1
-1
-1
-1
5770
-1
9564
5910
8011
1406
-1
3760
9125
6650
8187
2596
-1
-1
-1
7395
9299
7208
3281
7230
6016
7864
9802
2700
-1
-1
9865
6015
-1
-1
1524
-1
-1
-1
1465
-1
-1
9482
4451
9880
3802
-1
5716
-1
4878
-1
-1
-1
6846
-1
2566
-1
-1
-1
86
-1
1283
-1
-1
-1
7172
8551
7550
3674
-1
2858
9542
-1
2439
6659
7925
7508
-1
2914
1101
5407
-1
1453
6266
3878
5920
-1
-1
3622
-1
-1
3510
109
2504
-1
3556
3547
-1
7392
3928
8838
-1
-1
-1
-1
9458
1584
-1
5105
6909
6286
4490
-1
-1
1466
4049
-1
-1
-1
3147
-1
1324
5153
3341
7874
2017
-1
-1
-1
391
6484
-1
1818
6952
-1
-1
-1
7912
6722
2715
-1
3401
-1
2917
-1
-1
9442
2671
-1
-1
1624
3393
-1
2770
-1
-1
-1
-1
-1
-1
95
-1
4310
-1
-1
5951
-1
-1
-1
-1
8586
4289
3258
6576
-1
8829
-1
6853
9978
-1
1179
4411
-1
479
-1
-1
-1
2494
-1
-1
-1
8888
-1
4086
3210
-1
3048
7329
-1
4714
8605
-1
-1
-1
8525
-1
5274
-1
-1
4221
-1
-1
6094
5789
-1
165
1885
5870
1210
4282
-1
7277
5567
-1
-1
-1
